# Created by Octave 3.6.2, Sat Sep 15 03:48:02 2012 MSK <andrey@AshLinux>
# name: opt
# type: bool matrix
# rows: 30
# columns: 1
 1
 1
 0
 0
 0
 1
 0
 0
 1
 0
 0
 0
 0
 0
 0
 0
 1
 1
 1
 1
 0
 0
 0
 0
 0
 0
 0
 1
 1
 1


